20200825_003726 100 100 005
20200825_003738 100 100 005
20200825_004329 100 100 005
20200825_001545 100 100 005
20200825_002449 100 100 005
20200825_003744 100 100 005
20200825_011242 100 100 005
20200825_090530 100 100 005
20200825_143829 100 100 005
20200826_012116 100 100 005
20200826_012415 100 100 005
20200827_175617 100 100 005
20200827_180039 100 100 005
20200827_180536 100 100 005
20200918_122409 100 100 005
20200918_123816 100 100 005
20200918_134828 100 100 005
20200919_000615 100 100 005
20200919_012004 100 100 005
20200919_012304 100 100 005
20200919_085933 100 100 005
20200919_163500 100 100 005
20200920_100021 100 100 005
20200921_091639 100 100 005
20200922_083847 100 100 005
20200923_085227 100 100 005
20200923_195859 100 100 005
20200923_200437 100 100 005
20200924_085713 100 100 005
20200924_131154 100 100 005
20201013_185759 100 100 005
20201013_191104 100 100 005
20201013_191954 100 100 005
20201013_192506 100 100 005
20201013_193445 100 100 005
20201013_194205 100 100 005
20201013_205011 100 100 005
20201013_205223 100 100 005
20201013_205646 100 100 005
20201016_224056 100 100 005
20201016_234435 100 100 005
20201017_001411 100 100 005
20201017_003544 100 100 005
20201017_005557 100 100 005
20201017_010631 100 100 005
20201017_012216 100 100 005
20201017_024448 100 100 005
20201017_025151 100 100 005
20201017_084006 100 100 005
20191210_090036 100 100 005
20191210_092424 100 100 005
20191210_143056 100 100 005
20191210_143555 100 100 005
20191210_144431 100 100 005
20191210_150900 100 100 005
20191210_151217 100 100 005
20191210_152055 100 100 005
20191212_100443 100 100 005
20191213_092330 100 100 005
20200113_161142 100 100 005
20200113_161518 100 100 005
20200127_141810 100 100 005
20200130_200821 100 100 005
20200130_201439 100 100 005
20201208_101707 100 100 005
20201208_105058 100 100 005
20201208_115116 100 100 005
20201208_115542 100 100 005
20201208_121106 100 100 005
20201208_123418 100 100 005
20201208_143621 100 100 005
20201211_162412 100 100 005
20210118_163437 100 100 005
20210118_180720 100 100 005
20210118_190154 100 100 005
20210118_195101 100 100 005
20210119_125644 100 100 005
20210119_132435 100 100 005
20210119_142158 100 100 005
20210122_143911 100 100 005
20210123_184718 100 100 005
20210123_212923 100 100 005
20210125_111942 100 100 005
20210125_194613 100 100 005
